3,1,296.16,188.20,30.83,76.53,1,-1,-1,-1
3,2,146.97,187.26,34.79,75.99,1,-1,-1,-1
3,3,358.09,189.06,34.21,86.88,1,-1,-1,-1
3,4,216.11,195.94,29.96,63.13,1,-1,-1,-1
3,5,121.65,194.00,28.44,67.06,1,-1,-1,-1
3,6,505.99,188.07,39.61,90.72,1,-1,-1,-1
3,7,419.11,193.06,34.11,79.24,1,-1,-1,-1
3,8,442.99,189.37,29.82,79.12,1,-1,-1,-1
4,1,295.66,186.57,31.48,78.17,1,-1,-1,-1
4,2,147.77,186.35,34.96,76.43,1,-1,-1,-1
4,3,363.18,188.21,35.25,89.46,1,-1,-1,-1
4,4,213.91,194.87,29.45,62.14,1,-1,-1,-1
4,5,122.18,192.64,28.73,67.79,1,-1,-1,-1
4,6,508.37,187.43,40.03,91.74,1,-1,-1,-1
4,7,420.88,191.10,34.87,81.03,1,-1,-1,-1
4,8,445.27,190.16,28.77,76.38,1,-1,-1,-1
5,1,295.39,185.87,31.83,78.99,1,-1,-1,-1
5,2,149.36,185.96,34.81,76.16,1,-1,-1,-1
5,3,369.31,186.94,36.08,91.52,1,-1,-1,-1
5,4,212.50,194.34,29.30,61.91,1,-1,-1,-1
5,5,123.79,191.07,29.28,69.13,1,-1,-1,-1
5,6,512.47,185.66,40.50,92.89,1,-1,-1,-1
5,7,423.68,190.29,34.98,81.23,1,-1,-1,-1
5,8,447.81,187.13,29.72,78.90,1,-1,-1,-1
5,10,237.72,197.57,19.93,50.37,1,-1,-1,-1
5,11,329.07,204.83,17.86,45.05,1,-1,-1,-1
5,12,492.22,190.98,30.82,75.11,1,-1,-1,-1
6,1,294.99,182.94,32.05,79.54,1,-1,-1,-1
6,2,151.74,183.25,35.14,76.94,1,-1,-1,-1
6,3,375.25,183.89,36.68,93.04,1,-1,-1,-1
6,4,210.94,192.28,29.26,61.84,1,-1,-1,-1
6,5,125.08,188.96,29.60,69.86,1,-1,-1,-1
6,6,516.07,182.61,40.64,93.18,1,-1,-1,-1
6,7,426.07,187.72,35.05,81.37,1,-1,-1,-1
6,8,451.56,184.50,29.61,78.61,1,-1,-1,-1
6,10,238.37,194.92,19.87,50.24,1,-1,-1,-1
6,11,332.73,204.39,17.49,44.00,1,-1,-1,-1
6,12,493.60,186.14,31.40,76.53,1,-1,-1,-1
7,1,292.84,182.17,32.52,80.65,1,-1,-1,-1
7,2,151.74,181.91,35.50,77.80,1,-1,-1,-1
7,3,379.96,182.70,37.07,94.01,1,-1,-1,-1
7,4,207.69,192.09,29.26,61.82,1,-1,-1,-1
7,5,124.63,188.00,29.80,70.34,1,-1,-1,-1
7,6,517.62,180.83,41.62,95.51,1,-1,-1,-1
7,7,426.87,186.18,35.53,82.51,1,-1,-1,-1
7,8,453.15,183.69,29.83,79.16,1,-1,-1,-1
7,10,236.89,193.28,20.27,51.25,1,-1,-1,-1
7,11,333.38,204.27,17.57,44.04,1,-1,-1,-1
7,12,495.52,187.02,31.69,77.25,1,-1,-1,-1
8,1,288.98,183.30,33.32,82.60,1,-1,-1,-1
8,2,150.12,183.07,36.00,79.00,1,-1,-1,-1
8,3,383.40,184.21,37.81,95.85,1,-1,-1,-1
8,4,202.59,193.28,29.94,63.27,1,-1,-1,-1
8,5,122.87,189.76,30.08,70.97,1,-1,-1,-1
8,6,518.38,182.22,42.31,97.16,1,-1,-1,-1
8,7,426.82,188.20,35.73,83.00,1,-1,-1,-1
8,8,452.79,185.63,29.97,79.54,1,-1,-1,-1
8,10,236.78,191.86,20.43,51.65,1,-1,-1,-1
8,11,335.71,204.38,17.25,43.24,1,-1,-1,-1
8,12,494.03,189.30,32.48,79.24,1,-1,-1,-1
9,1,285.70,183.40,33.89,84.05,1,-1,-1,-1
9,2,148.57,184.02,35.98,79.03,1,-1,-1,-1
9,3,387.09,184.84,38.37,97.22,1,-1,-1,-1
9,4,198.49,194.58,30.20,63.86,1,-1,-1,-1
9,5,121.30,190.75,30.40,71.71,1,-1,-1,-1
9,6,519.17,183.06,42.44,97.51,1,-1,-1,-1
9,7,426.92,189.11,35.88,83.36,1,-1,-1,-1
9,8,452.22,186.42,30.36,80.60,1,-1,-1,-1
9,12,493.60,189.22,33.39,81.51,1,-1,-1,-1
10,1,282.44,182.32,34.43,85.41,1,-1,-1,-1
10,2,147.51,183.95,36.19,79.57,1,-1,-1,-1
10,3,392.07,184.15,38.99,98.73,1,-1,-1,-1
10,4,194.08,194.33,30.24,64.04,1,-1,-1,-1
10,5,119.80,190.07,30.92,72.95,1,-1,-1,-1
10,6,519.73,181.52,43.08,99.03,1,-1,-1,-1
10,7,427.18,188.07,36.22,84.11,1,-1,-1,-1
10,8,451.96,184.93,30.85,81.86,1,-1,-1,-1
10,12,493.82,187.35,33.49,81.69,1,-1,-1,-1
10,14,226.58,196.57,21.41,53.06,1,-1,-1,-1
11,1,277.95,181.48,35.20,87.29,1,-1,-1,-1
11,2,145.23,183.89,36.44,80.22,1,-1,-1,-1
11,3,394.93,183.81,39.57,100.14,1,-1,-1,-1
11,4,188.46,194.61,30.15,63.94,1,-1,-1,-1
11,5,117.32,189.54,31.50,74.35,1,-1,-1,-1
11,6,519.38,181.62,43.18,99.29,1,-1,-1,-1
11,7,426.27,187.48,36.66,85.13,1,-1,-1,-1
11,8,450.68,184.34,30.95,82.23,1,-1,-1,-1
11,12,492.44,185.97,34.02,83.03,1,-1,-1,-1
11,14,222.02,196.67,21.44,53.11,1,-1,-1,-1
11,15,323.21,204.94,19.70,47.18,1,-1,-1,-1
12,1,272.93,180.78,35.92,89.01,1,-1,-1,-1
12,2,142.48,183.64,36.80,81.13,1,-1,-1,-1
12,3,398.12,184.13,39.97,101.07,1,-1,-1,-1
12,4,182.56,194.62,30.19,64.08,1,-1,-1,-1
12,5,114.32,188.74,32.14,75.84,1,-1,-1,-1
12,6,518.57,181.49,43.36,99.72,1,-1,-1,-1
12,7,424.99,187.20,37.11,86.14,1,-1,-1,-1
12,8,448.92,184.30,31.15,82.72,1,-1,-1,-1
12,12,490.78,185.88,34.08,83.17,1,-1,-1,-1
12,14,217.63,195.95,21.85,54.17,1,-1,-1,-1
12,15,324.64,207.20,19.00,45.49,1,-1,-1,-1
13,1,267.60,179.40,36.75,91.09,1,-1,-1,-1
13,2,139.60,182.43,37.49,82.71,1,-1,-1,-1
13,3,403.26,183.14,40.45,102.20,1,-1,-1,-1
13,4,176.54,194.03,30.21,64.19,1,-1,-1,-1
13,5,111.33,187.29,32.92,77.70,1,-1,-1,-1
13,6,517.59,180.81,43.61,100.26,1,-1,-1,-1
13,7,424.29,186.60,37.07,86.21,1,-1,-1,-1
13,8,446.93,183.89,31.44,83.49,1,-1,-1,-1
13,12,489.24,184.25,34.95,85.34,1,-1,-1,-1
13,14,213.73,193.81,22.09,54.75,1,-1,-1,-1
13,15,325.60,206.41,18.49,44.26,1,-1,-1,-1
14,1,263.20,177.91,37.53,93.02,1,-1,-1,-1
14,2,137.55,181.02,37.92,83.75,1,-1,-1,-1
14,3,407.81,182.47,40.96,103.48,1,-1,-1,-1
14,4,171.56,193.20,30.29,64.46,1,-1,-1,-1
14,5,109.23,185.75,33.64,79.44,1,-1,-1,-1
14,6,517.93,180.25,43.84,100.69,1,-1,-1,-1
14,7,424.96,186.14,37.31,86.77,1,-1,-1,-1
14,8,445.69,182.71,31.76,84.30,1,-1,-1,-1
14,12,489.16,183.65,34.51,84.25,1,-1,-1,-1
14,14,211.91,192.45,22.08,54.75,1,-1,-1,-1
14,15,328.19,206.06,18.04,43.15,1,-1,-1,-1
15,1,258.97,176.91,38.24,94.82,1,-1,-1,-1
15,2,136.08,180.30,38.49,85.08,1,-1,-1,-1
15,3,412.80,181.94,41.80,105.53,1,-1,-1,-1
15,4,167.20,193.00,30.36,64.69,1,-1,-1,-1
15,5,107.54,185.25,34.30,80.96,1,-1,-1,-1
15,6,518.68,179.34,44.52,102.30,1,-1,-1,-1
15,8,445.22,182.19,32.32,85.81,1,-1,-1,-1
15,12,489.62,183.63,34.66,84.63,1,-1,-1,-1
15,14,210.67,193.09,22.08,54.77,1,-1,-1,-1
15,15,331.10,206.64,17.90,42.84,1,-1,-1,-1
15,18,373.18,202.07,19.99,46.05,1,-1,-1,-1
16,1,254.73,176.04,38.95,96.64,1,-1,-1,-1
16,2,134.84,179.55,39.11,86.49,1,-1,-1,-1
16,3,418.00,181.22,42.66,107.58,1,-1,-1,-1
16,4,162.91,192.26,30.75,65.59,1,-1,-1,-1
16,5,106.21,184.82,34.94,82.40,1,-1,-1,-1
16,6,519.69,178.97,44.90,103.12,1,-1,-1,-1
16,8,444.67,181.63,32.98,87.61,1,-1,-1,-1
16,12,490.38,183.22,34.94,85.32,1,-1,-1,-1
16,14,209.83,192.96,22.19,55.05,1,-1,-1,-1
16,15,333.52,206.71,17.82,42.63,1,-1,-1,-1
16,18,377.01,203.34,19.80,45.63,1,-1,-1,-1
17,1,250.37,175.16,39.67,98.48,1,-1,-1,-1
17,2,133.64,179.01,39.75,87.97,1,-1,-1,-1
17,3,422.97,180.95,43.56,109.73,1,-1,-1,-1
17,4,158.68,191.36,31.17,66.62,1,-1,-1,-1
17,5,104.84,184.20,35.64,84.02,1,-1,-1,-1
17,6,520.85,178.52,45.36,104.11,1,-1,-1,-1
17,8,444.78,181.28,33.23,88.28,1,-1,-1,-1
17,12,491.23,182.87,35.26,86.06,1,-1,-1,-1
17,14,208.66,193.15,22.17,55.01,1,-1,-1,-1
17,15,335.28,206.27,18.16,43.43,1,-1,-1,-1
17,18,378.55,204.00,20.12,46.40,1,-1,-1,-1
18,1,246.00,175.22,40.21,99.87,1,-1,-1,-1
18,2,132.57,178.77,40.37,89.39,1,-1,-1,-1
18,3,428.64,181.04,44.37,111.87,1,-1,-1,-1
18,4,154.24,190.81,31.63,67.75,1,-1,-1,-1
18,5,103.67,184.00,36.22,85.36,1,-1,-1,-1
18,6,522.44,178.68,45.60,104.54,1,-1,-1,-1
18,12,492.24,183.20,35.58,86.84,1,-1,-1,-1
18,14,207.45,193.65,22.41,55.65,1,-1,-1,-1
18,15,337.10,207.96,18.17,43.44,1,-1,-1,-1
18,18,379.80,206.09,20.62,47.53,1,-1,-1,-1
19,1,242.21,175.25,40.79,101.33,1,-1,-1,-1
19,2,131.66,178.45,40.96,90.78,1,-1,-1,-1
19,3,434.86,181.24,45.07,113.69,1,-1,-1,-1
19,4,150.78,190.20,31.98,68.68,1,-1,-1,-1
19,5,103.03,183.70,36.81,86.76,1,-1,-1,-1
19,6,524.29,178.78,46.03,105.44,1,-1,-1,-1
19,7,426.39,184.22,39.08,90.99,1,-1,-1,-1
19,12,493.96,184.09,35.68,87.02,1,-1,-1,-1
19,14,207.07,193.85,22.70,56.35,1,-1,-1,-1
19,15,339.22,209.27,18.09,43.21,1,-1,-1,-1
19,18,382.28,207.43,20.48,47.19,1,-1,-1,-1
20,1,238.52,174.65,41.46,103.06,1,-1,-1,-1
20,2,131.50,177.65,41.59,92.31,1,-1,-1,-1
20,3,439.72,181.01,45.64,115.13,1,-1,-1,-1
20,4,147.55,189.10,32.56,70.12,1,-1,-1,-1
20,5,103.18,183.13,37.36,88.12,1,-1,-1,-1
20,6,526.73,178.31,46.61,106.79,1,-1,-1,-1
20,7,427.31,183.64,39.59,92.20,1,-1,-1,-1
20,12,496.37,183.74,36.09,88.03,1,-1,-1,-1
20,14,207.21,193.83,22.98,57.11,1,-1,-1,-1
20,15,342.53,209.60,17.93,42.81,1,-1,-1,-1
20,18,386.12,208.02,20.35,46.96,1,-1,-1,-1
21,1,235.22,174.11,42.04,104.52,1,-1,-1,-1
21,2,131.74,176.92,42.18,93.70,1,-1,-1,-1
21,4,144.43,187.77,33.33,71.96,1,-1,-1,-1
21,5,103.82,182.51,37.81,89.25,1,-1,-1,-1
21,6,529.73,177.88,47.14,108.01,1,-1,-1,-1
21,7,428.39,183.15,40.05,93.32,1,-1,-1,-1
21,12,496.81,182.64,36.45,88.91,1,-1,-1,-1
21,14,205.52,193.20,23.14,57.49,1,-1,-1,-1
21,15,345.21,210.11,17.74,42.36,1,-1,-1,-1
21,18,389.80,208.70,20.02,46.20,1,-1,-1,-1
22,1,232.05,173.26,42.80,106.46,1,-1,-1,-1
22,2,132.52,175.96,42.65,94.88,1,-1,-1,-1
22,4,140.38,187.22,33.63,72.61,1,-1,-1,-1
22,5,105.03,181.95,38.22,90.27,1,-1,-1,-1
22,6,533.27,177.39,47.70,109.30,1,-1,-1,-1
22,7,430.39,182.74,40.50,94.39,1,-1,-1,-1
22,18,394.20,208.99,19.99,46.16,1,-1,-1,-1
22,23,489.62,172.39,49.77,131.29,1,-1,-1,-1
23,1,229.09,172.48,43.45,108.09,1,-1,-1,-1
23,2,130.78,176.00,42.80,95.31,1,-1,-1,-1
23,5,104.25,181.39,38.70,91.42,1,-1,-1,-1
23,6,534.69,176.95,48.18,110.42,1,-1,-1,-1
23,7,433.16,182.37,40.95,95.43,1,-1,-1,-1
23,15,350.15,209.93,17.71,42.28,1,-1,-1,-1
23,18,399.62,208.97,19.96,46.15,1,-1,-1,-1
23,23,507.00,175.16,51.20,134.50,1,-1,-1,-1
24,1,226.46,171.75,44.22,109.98,1,-1,-1,-1
24,2,129.93,176.23,42.97,95.80,1,-1,-1,-1
24,7,436.30,182.27,41.38,96.46,1,-1,-1,-1
24,15,352.81,210.35,17.54,41.88,1,-1,-1,-1
24,18,402.82,210.02,19.86,45.90,1,-1,-1,-1
24,23,522.47,178.40,51.04,133.82,1,-1,-1,-1
25,1,223.90,171.08,45.19,112.19,1,-1,-1,-1
25,2,129.82,176.58,43.25,96.55,1,-1,-1,-1
25,7,437.18,181.84,41.68,97.17,1,-1,-1,-1
25,23,537.43,178.41,52.64,137.75,1,-1,-1,-1
25,26,161.71,177.94,37.83,98.37,1,-1,-1,-1
25,27,576.96,177.55,50.15,118.06,1,-1,-1,-1
25,30,375.83,214.50,18.80,44.70,1,-1,-1,-1
26,1,221.86,170.59,46.02,114.15,1,-1,-1,-1
26,2,130.64,176.97,43.56,97.41,1,-1,-1,-1
26,12,498.62,178.55,38.42,93.81,1,-1,-1,-1
26,23,555.95,175.61,54.54,142.52,1,-1,-1,-1
26,26,167.83,179.70,38.77,100.91,1,-1,-1,-1
26,27,584.80,178.07,49.75,117.15,1,-1,-1,-1
26,30,384.18,215.36,18.82,44.73,1,-1,-1,-1
27,1,219.79,169.99,47.02,116.49,1,-1,-1,-1
27,2,130.01,176.56,44.00,98.39,1,-1,-1,-1
27,12,500.00,178.68,38.93,95.24,1,-1,-1,-1
27,23,573.74,173.88,57.24,149.79,1,-1,-1,-1
27,26,174.69,181.16,39.37,102.53,1,-1,-1,-1
27,27,591.78,178.68,50.09,117.93,1,-1,-1,-1
27,30,393.67,217.01,18.98,45.10,1,-1,-1,-1
27,33,474.88,188.81,42.91,102.12,1,-1,-1,-1
28,1,217.99,169.37,47.88,118.61,1,-1,-1,-1
28,12,502.55,178.78,39.28,96.25,1,-1,-1,-1
28,23,588.61,175.20,57.74,151.43,1,-1,-1,-1
28,26,179.94,180.46,39.86,103.85,1,-1,-1,-1
28,30,401.55,215.04,19.63,46.62,1,-1,-1,-1
28,33,482.72,187.72,42.69,101.53,1,-1,-1,-1
28,34,445.40,212.22,18.36,44.07,1,-1,-1,-1
28,35,354.02,205.00,24.14,51.67,1,-1,-1,-1
29,1,215.65,168.62,48.83,120.92,1,-1,-1,-1
29,12,505.01,178.24,39.81,97.65,1,-1,-1,-1
29,23,604.15,175.28,58.91,154.52,1,-1,-1,-1
29,26,184.73,179.84,40.56,105.74,1,-1,-1,-1
29,30,408.69,214.33,19.78,46.98,1,-1,-1,-1
29,33,488.81,186.81,43.49,103.39,1,-1,-1,-1
29,34,451.32,210.97,19.17,46.05,1,-1,-1,-1
29,35,359.37,207.04,22.93,49.13,1,-1,-1,-1
29,36,162.75,184.64,36.12,98.24,1,-1,-1,-1
29,37,579.94,176.03,51.50,126.01,1,-1,-1,-1
30,1,213.21,168.11,49.78,123.30,1,-1,-1,-1
30,12,505.59,177.29,40.19,98.59,1,-1,-1,-1
30,26,188.86,179.49,41.37,107.92,1,-1,-1,-1
30,30,415.07,215.46,20.10,47.75,1,-1,-1,-1
30,33,494.54,187.53,44.75,106.34,1,-1,-1,-1
30,34,457.52,213.09,19.05,45.79,1,-1,-1,-1
30,35,361.60,208.94,23.13,49.62,1,-1,-1,-1
30,36,164.78,186.07,37.75,102.61,1,-1,-1,-1
30,37,587.57,184.17,46.86,114.63,1,-1,-1,-1
31,1,210.94,167.28,50.75,125.70,1,-1,-1,-1
31,26,193.02,178.71,42.07,109.80,1,-1,-1,-1
31,30,420.55,215.23,20.33,48.32,1,-1,-1,-1
31,33,499.32,187.31,45.57,108.25,1,-1,-1,-1
31,34,462.53,212.71,19.53,46.94,1,-1,-1,-1
31,35,364.67,208.34,23.59,50.61,1,-1,-1,-1
31,36,168.65,184.61,38.50,104.50,1,-1,-1,-1
31,37,590.68,181.41,47.84,117.12,1,-1,-1,-1
31,39,399.95,212.85,22.29,49.93,1,-1,-1,-1
32,1,208.47,166.45,51.81,128.26,1,-1,-1,-1
32,26,197.12,177.73,42.94,112.14,1,-1,-1,-1
32,30,426.61,214.18,20.90,49.71,1,-1,-1,-1
32,33,505.40,186.25,46.16,109.58,1,-1,-1,-1
32,34,468.83,211.78,19.84,47.69,1,-1,-1,-1
32,36,173.33,183.88,39.25,106.38,1,-1,-1,-1
32,37,596.20,181.67,46.88,114.88,1,-1,-1,-1
32,39,407.76,210.84,22.44,50.32,1,-1,-1,-1
32,40,532.19,188.18,34.20,101.63,1,-1,-1,-1
33,1,205.83,165.58,52.92,130.95,1,-1,-1,-1
33,26,201.90,178.46,43.55,113.75,1,-1,-1,-1
33,30,432.95,213.25,21.39,50.88,1,-1,-1,-1
33,33,511.72,185.74,46.60,110.55,1,-1,-1,-1
33,34,474.93,211.74,19.93,47.90,1,-1,-1,-1
33,35,373.50,208.61,23.37,50.23,1,-1,-1,-1
33,36,177.27,183.78,39.61,107.25,1,-1,-1,-1
33,37,602.12,180.38,47.30,115.91,1,-1,-1,-1
33,39,414.07,210.52,22.53,50.55,1,-1,-1,-1
33,40,543.62,185.20,35.15,104.46,1,-1,-1,-1
33,41,267.59,203.32,22.83,58.50,1,-1,-1,-1
