3,1,100.16,546.24,82.68,249.94,1,-1,-1,-1
3,2,373.01,410.19,82.92,236.69,1,-1,-1,-1
3,3,677.81,292.00,58.38,123.81,1,-1,-1,-1
3,4,1729.75,455.06,77.10,222.30,1,-1,-1,-1
3,5,705.57,4.00,54.81,149.42,1,-1,-1,-1
3,6,685.09,203.28,82.40,119.72,1,-1,-1,-1
3,7,413.67,95.06,53.95,164.75,1,-1,-1,-1
3,8,218.41,118.64,50.85,171.85,1,-1,-1,-1
3,9,289.17,132.30,49.53,159.75,1,-1,-1,-1
3,10,1044.48,129.74,66.90,184.75,1,-1,-1,-1
3,11,1096.25,208.88,62.08,177.18,1,-1,-1,-1
3,12,793.31,147.19,61.69,176.88,1,-1,-1,-1
3,13,543.42,145.70,60.40,182.12,1,-1,-1,-1
3,14,1361.24,561.58,103.98,254.90,1,-1,-1,-1
3,15,1632.15,263.13,64.27,182.49,1,-1,-1,-1
3,16,1445.20,248.58,59.73,169.07,1,-1,-1,-1
3,17,360.80,104.00,48.81,167.42,1,-1,-1,-1
3,18,1486.42,71.82,53.17,141.77,1,-1,-1,-1
3,19,1792.38,208.51,69.50,183.04,1,-1,-1,-1
3,20,225.40,401.50,59.70,190.88,1,-1,-1,-1
3,21,909.45,129.00,51.98,164.71,1,-1,-1,-1
3,22,465.14,82.00,53.66,173.12,1,-1,-1,-1
3,23,634.90,749.94,105.01,270.42,1,-1,-1,-1
3,24,875.54,127.07,59.72,172.33,1,-1,-1,-1
3,25,1033.93,-0.00,51.01,80.82,1,-1,-1,-1
3,26,1201.25,30.71,66.62,120.63,1,-1,-1,-1
3,27,536.24,61.20,52.79,170.87,1,-1,-1,-1
3,28,503.95,129.65,55.23,171.35,1,-1,-1,-1
3,29,250.86,365.62,69.66,221.83,1,-1,-1,-1
3,30,1098.24,976.74,85.67,102.44,1,-1,-1,-1
3,31,1412.58,193.60,54.41,184.12,1,-1,-1,-1
3,32,335.44,80.94,39.22,178.34,1,-1,-1,-1
3,33,1003.83,-0.18,38.24,76.37,1,-1,-1,-1
3,34,1215.22,0.00,64.50,131.93,1,-1,-1,-1
3,35,487.26,36.12,55.67,168.12,1,-1,-1,-1
3,36,-0.12,889.39,44.31,189.61,1,-1,-1,-1
3,37,259.47,81.07,51.67,195.11,1,-1,-1,-1
3,38,1550.38,252.19,70.22,213.25,1,-1,-1,-1
4,1,99.25,546.70,82.43,249.20,1,-1,-1,-1
4,2,373.76,407.87,83.83,239.34,1,-1,-1,-1
4,3,677.25,292.00,58.82,124.78,1,-1,-1,-1
4,4,1729.24,454.42,76.92,221.70,1,-1,-1,-1
4,5,705.85,4.00,54.87,149.60,1,-1,-1,-1
4,6,685.50,203.96,81.38,118.34,1,-1,-1,-1
4,7,414.40,94.41,53.69,163.98,1,-1,-1,-1
4,8,219.05,118.08,50.89,171.95,1,-1,-1,-1
4,9,288.83,130.51,50.80,163.87,1,-1,-1,-1
4,10,1044.37,129.29,67.45,186.35,1,-1,-1,-1
4,11,1091.73,211.83,61.42,175.24,1,-1,-1,-1
4,12,793.26,146.91,61.59,176.51,1,-1,-1,-1
4,13,542.67,146.30,60.30,181.80,1,-1,-1,-1
4,14,1360.96,560.70,103.29,253.25,1,-1,-1,-1
4,15,1631.25,262.11,64.11,182.01,1,-1,-1,-1
4,16,1444.79,248.40,59.79,169.20,1,-1,-1,-1
4,17,360.53,104.00,48.85,167.60,1,-1,-1,-1
4,18,1486.58,71.42,53.53,142.75,1,-1,-1,-1
4,19,1794.46,208.03,70.29,185.15,1,-1,-1,-1
4,20,223.50,397.03,61.52,196.55,1,-1,-1,-1
4,21,909.45,131.39,52.30,165.65,1,-1,-1,-1
4,22,467.90,72.11,54.60,175.92,1,-1,-1,-1
4,23,634.64,749.21,105.14,270.69,1,-1,-1,-1
4,24,876.65,127.53,60.33,174.03,1,-1,-1,-1
4,25,1035.59,-0.00,49.59,78.58,1,-1,-1,-1
4,26,1201.91,29.93,66.76,120.86,1,-1,-1,-1
4,27,535.56,61.59,53.22,172.31,1,-1,-1,-1
4,28,503.89,131.59,54.73,169.70,1,-1,-1,-1
4,29,251.95,361.82,70.50,224.69,1,-1,-1,-1
4,30,1101.03,975.76,86.56,103.56,1,-1,-1,-1
4,31,1411.36,191.72,53.90,182.41,1,-1,-1,-1
4,32,335.93,80.22,40.00,181.88,1,-1,-1,-1
4,33,1003.06,-0.34,38.55,76.92,1,-1,-1,-1
4,34,1215.32,0.00,65.19,133.32,1,-1,-1,-1
4,35,487.66,35.80,55.01,166.13,1,-1,-1,-1
4,36,-0.04,887.03,44.86,191.97,1,-1,-1,-1
4,37,258.18,81.37,52.17,196.75,1,-1,-1,-1
4,38,1552.39,251.31,67.87,206.25,1,-1,-1,-1
5,1,99.59,546.34,82.52,249.42,1,-1,-1,-1
5,2,374.28,406.36,84.39,241.03,1,-1,-1,-1
5,3,677.41,291.47,58.76,124.67,1,-1,-1,-1
5,4,1728.86,453.65,77.03,221.90,1,-1,-1,-1
5,5,704.98,4.00,56.34,153.65,1,-1,-1,-1
5,6,685.24,204.28,81.33,118.28,1,-1,-1,-1
5,7,413.95,91.01,54.02,165.03,1,-1,-1,-1
5,8,219.36,117.30,50.76,171.45,1,-1,-1,-1
5,9,289.05,128.79,51.11,164.91,1,-1,-1,-1
5,10,1044.86,129.53,67.08,185.41,1,-1,-1,-1
5,11,1086.29,212.85,61.69,175.60,1,-1,-1,-1
5,12,792.96,147.29,61.60,176.42,1,-1,-1,-1
5,13,541.99,146.62,59.91,180.54,1,-1,-1,-1
5,14,1360.65,561.47,102.97,252.51,1,-1,-1,-1
5,15,1629.63,261.12,63.72,180.86,1,-1,-1,-1
5,16,1444.61,248.37,59.21,167.55,1,-1,-1,-1
5,17,360.00,103.47,49.14,168.67,1,-1,-1,-1
5,18,1486.83,71.28,53.84,143.58,1,-1,-1,-1
5,19,1795.44,206.78,71.44,188.25,1,-1,-1,-1
5,20,221.27,390.72,64.10,204.87,1,-1,-1,-1
5,21,910.48,130.94,52.05,164.85,1,-1,-1,-1
5,22,469.14,67.89,55.01,177.25,1,-1,-1,-1
5,23,634.78,749.43,104.72,269.57,1,-1,-1,-1
5,24,875.95,127.83,60.89,175.74,1,-1,-1,-1
5,25,1035.16,0.00,49.41,78.20,1,-1,-1,-1
5,26,1201.84,30.77,65.87,119.21,1,-1,-1,-1
5,27,535.70,61.18,52.55,169.90,1,-1,-1,-1
5,28,503.90,132.42,54.50,168.89,1,-1,-1,-1
5,29,252.18,359.75,70.31,224.26,1,-1,-1,-1
5,30,1104.35,974.39,87.76,105.05,1,-1,-1,-1
5,31,1410.88,190.76,54.28,183.77,1,-1,-1,-1
5,32,335.50,79.90,40.39,183.73,1,-1,-1,-1
5,33,1003.41,-0.46,38.95,77.69,1,-1,-1,-1
5,34,1214.81,0.00,64.88,132.71,1,-1,-1,-1
5,35,487.84,36.15,54.75,165.39,1,-1,-1,-1
5,36,0.31,886.44,45.01,192.56,1,-1,-1,-1
5,37,256.37,82.43,52.65,198.87,1,-1,-1,-1
5,38,1551.06,249.43,67.26,204.40,1,-1,-1,-1
6,1,99.74,546.58,82.57,249.51,1,-1,-1,-1
6,2,374.28,404.68,84.85,242.43,1,-1,-1,-1
6,3,677.24,291.63,58.32,123.78,1,-1,-1,-1
6,4,1727.82,453.25,76.93,221.51,1,-1,-1,-1
6,5,704.81,4.00,56.96,155.40,1,-1,-1,-1
6,6,685.22,204.48,81.54,118.62,1,-1,-1,-1
6,7,413.75,89.26,54.13,165.44,1,-1,-1,-1
6,8,218.85,116.88,51.16,172.88,1,-1,-1,-1
6,9,289.09,128.36,51.38,165.85,1,-1,-1,-1
6,10,1044.60,130.41,66.98,184.98,1,-1,-1,-1
6,11,1080.62,212.93,62.55,177.44,1,-1,-1,-1
6,12,792.58,147.46,61.61,176.40,1,-1,-1,-1
6,13,540.60,146.04,60.52,182.37,1,-1,-1,-1
6,14,1360.96,561.44,102.79,252.06,1,-1,-1,-1
6,15,1628.21,261.42,63.70,180.79,1,-1,-1,-1
6,16,1444.20,251.63,57.15,161.54,1,-1,-1,-1
6,17,359.69,101.97,49.73,170.84,1,-1,-1,-1
6,18,1486.76,71.23,53.96,143.95,1,-1,-1,-1
6,19,1797.27,207.39,71.28,187.85,1,-1,-1,-1
6,20,219.81,387.16,65.50,209.55,1,-1,-1,-1
6,21,911.76,131.79,52.14,165.23,1,-1,-1,-1
6,22,472.02,59.20,54.98,177.07,1,-1,-1,-1
6,23,635.35,750.39,103.95,267.61,1,-1,-1,-1
6,24,877.15,128.48,60.77,175.35,1,-1,-1,-1
6,25,1036.15,0.00,48.81,77.06,1,-1,-1,-1
6,26,1204.12,34.01,63.66,115.06,1,-1,-1,-1
6,27,535.33,61.38,53.06,171.57,1,-1,-1,-1
6,28,503.51,132.94,54.76,169.60,1,-1,-1,-1
6,29,246.86,358.21,71.18,227.02,1,-1,-1,-1
6,30,1107.14,974.10,88.05,105.44,1,-1,-1,-1
6,31,1409.82,189.29,54.34,184.00,1,-1,-1,-1
6,32,335.30,80.13,40.49,184.22,1,-1,-1,-1
6,33,1002.99,0.83,37.98,75.84,1,-1,-1,-1
6,34,1215.21,0.00,65.09,133.18,1,-1,-1,-1
6,35,487.57,37.10,55.40,167.48,1,-1,-1,-1
6,36,0.74,886.42,45.04,192.58,1,-1,-1,-1
6,37,255.76,80.36,52.12,197.08,1,-1,-1,-1
6,38,1550.03,246.96,66.75,202.95,1,-1,-1,-1
7,1,99.89,546.72,82.47,249.18,1,-1,-1,-1
7,2,375.11,403.25,84.63,241.87,1,-1,-1,-1
7,3,677.13,292.09,58.09,123.27,1,-1,-1,-1
7,4,1727.55,454.86,76.48,220.15,1,-1,-1,-1
7,5,704.94,4.00,57.22,156.14,1,-1,-1,-1
7,6,685.67,204.24,81.13,118.09,1,-1,-1,-1
7,7,414.08,88.53,54.07,165.29,1,-1,-1,-1
7,8,218.26,119.87,49.44,166.96,1,-1,-1,-1
7,9,289.05,128.10,51.32,165.70,1,-1,-1,-1
7,10,1043.97,130.18,66.72,184.37,1,-1,-1,-1
7,11,1074.46,212.28,63.58,179.61,1,-1,-1,-1
7,12,792.48,147.93,61.36,175.66,1,-1,-1,-1
7,13,538.94,145.00,61.04,183.83,1,-1,-1,-1
7,14,1361.15,561.43,102.66,251.75,1,-1,-1,-1
7,15,1626.45,261.21,63.57,180.39,1,-1,-1,-1
7,16,1440.93,250.58,57.77,163.12,1,-1,-1,-1
7,17,359.77,102.11,49.57,170.38,1,-1,-1,-1
7,18,1486.80,71.20,53.90,143.80,1,-1,-1,-1
7,19,1799.34,208.48,70.79,186.56,1,-1,-1,-1
7,20,218.97,385.60,65.50,209.68,1,-1,-1,-1
7,21,913.29,133.10,52.18,165.43,1,-1,-1,-1
7,22,473.38,54.28,54.95,176.88,1,-1,-1,-1
7,23,635.17,749.86,104.17,268.17,1,-1,-1,-1
7,24,877.59,129.27,60.57,174.77,1,-1,-1,-1
7,25,1036.52,0.00,48.43,76.35,1,-1,-1,-1
7,26,1204.16,34.04,64.13,115.87,1,-1,-1,-1
7,27,535.31,61.50,52.97,171.17,1,-1,-1,-1
7,28,503.00,131.64,55.84,172.92,1,-1,-1,-1
7,29,245.70,355.77,71.02,226.60,1,-1,-1,-1
7,30,1110.69,973.92,88.27,105.70,1,-1,-1,-1
7,31,1409.21,189.30,52.13,176.33,1,-1,-1,-1
7,32,335.48,79.90,40.31,183.41,1,-1,-1,-1
7,33,1002.99,0.42,38.20,76.30,1,-1,-1,-1
7,34,1215.83,0.00,64.49,131.98,1,-1,-1,-1
7,35,487.88,36.97,55.22,166.98,1,-1,-1,-1
7,36,0.69,885.25,45.32,193.75,1,-1,-1,-1
7,37,255.32,80.99,51.51,195.00,1,-1,-1,-1
7,38,1549.19,246.12,66.49,202.21,1,-1,-1,-1
8,1,99.94,546.50,82.51,249.28,1,-1,-1,-1
8,2,375.87,402.28,84.39,241.19,1,-1,-1,-1
8,3,677.17,291.77,58.37,123.87,1,-1,-1,-1
8,4,1726.62,454.96,75.30,216.52,1,-1,-1,-1
8,5,704.55,4.00,57.39,156.65,1,-1,-1,-1
8,6,686.41,204.41,80.67,117.40,1,-1,-1,-1
8,7,414.08,86.79,54.45,166.37,1,-1,-1,-1
8,8,217.79,119.67,50.01,169.06,1,-1,-1,-1
8,9,289.19,127.92,51.28,165.60,1,-1,-1,-1
8,10,1043.67,130.70,65.96,182.28,1,-1,-1,-1
8,11,1069.37,210.06,64.78,182.27,1,-1,-1,-1
8,12,792.36,147.91,60.97,174.51,1,-1,-1,-1
8,13,537.72,144.31,61.58,185.42,1,-1,-1,-1
8,14,1360.72,561.12,103.07,252.76,1,-1,-1,-1
8,15,1624.76,260.75,63.51,180.12,1,-1,-1,-1
8,16,1438.98,250.41,57.45,162.13,1,-1,-1,-1
8,17,359.65,102.51,49.46,170.09,1,-1,-1,-1
8,18,1486.77,71.18,53.96,144.01,1,-1,-1,-1
8,19,1800.71,208.87,70.48,185.74,1,-1,-1,-1
8,20,217.51,384.51,65.35,209.20,1,-1,-1,-1
8,21,913.33,133.99,52.23,165.56,1,-1,-1,-1
8,22,470.24,58.09,53.97,173.90,1,-1,-1,-1
8,23,634.76,749.19,104.90,270.05,1,-1,-1,-1
8,24,878.10,129.81,60.32,174.06,1,-1,-1,-1
8,25,1036.56,0.00,48.20,75.87,1,-1,-1,-1
8,26,1205.29,32.41,64.26,115.87,1,-1,-1,-1
8,27,534.64,61.57,53.57,173.14,1,-1,-1,-1
8,28,502.65,130.76,56.87,176.09,1,-1,-1,-1
8,29,244.91,353.80,70.89,226.33,1,-1,-1,-1
8,30,1114.07,973.79,88.40,105.88,1,-1,-1,-1
8,31,1408.06,187.81,51.75,175.14,1,-1,-1,-1
8,32,334.85,80.76,39.63,180.14,1,-1,-1,-1
8,33,1003.16,0.14,38.35,76.62,1,-1,-1,-1
8,34,1215.84,0.00,64.14,131.26,1,-1,-1,-1
8,35,487.75,36.57,55.09,166.65,1,-1,-1,-1
8,36,0.31,881.22,46.25,197.78,1,-1,-1,-1
8,37,254.56,79.83,52.20,197.52,1,-1,-1,-1
8,38,1547.98,243.40,67.39,204.96,1,-1,-1,-1
9,1,99.63,546.35,82.64,249.63,1,-1,-1,-1
9,2,376.56,400.74,84.50,241.58,1,-1,-1,-1
9,3,676.98,290.98,58.70,124.59,1,-1,-1,-1
9,4,1725.63,455.91,74.59,214.31,1,-1,-1,-1
9,5,704.89,3.71,56.87,155.24,1,-1,-1,-1
9,6,686.95,204.54,80.30,116.91,1,-1,-1,-1
9,7,413.94,86.08,54.42,166.35,1,-1,-1,-1
9,8,217.99,118.68,50.22,169.90,1,-1,-1,-1
9,9,287.75,125.66,51.81,167.40,1,-1,-1,-1
9,10,1042.90,131.04,65.67,181.42,1,-1,-1,-1
9,11,1065.38,208.38,65.50,183.44,1,-1,-1,-1
9,12,792.23,148.19,60.79,173.99,1,-1,-1,-1
9,13,536.84,144.90,61.98,186.59,1,-1,-1,-1
9,14,1360.46,560.89,103.25,253.23,1,-1,-1,-1
9,15,1623.73,260.13,63.46,179.93,1,-1,-1,-1
9,16,1438.19,248.27,57.30,161.70,1,-1,-1,-1
9,17,359.81,102.81,49.21,169.30,1,-1,-1,-1
9,18,1486.90,71.16,53.70,143.31,1,-1,-1,-1
9,19,1801.99,209.70,70.51,185.75,1,-1,-1,-1
9,20,216.27,384.88,65.05,208.27,1,-1,-1,-1
9,21,912.48,134.35,52.21,165.37,1,-1,-1,-1
9,22,469.64,55.59,54.69,176.18,1,-1,-1,-1
9,23,634.81,748.70,105.03,270.35,1,-1,-1,-1
9,24,879.36,130.19,60.14,173.56,1,-1,-1,-1
9,25,1036.94,0.00,48.04,75.53,1,-1,-1,-1
9,26,1206.53,32.10,64.38,115.87,1,-1,-1,-1
9,27,534.19,61.63,53.65,173.44,1,-1,-1,-1
9,28,502.25,130.89,57.64,178.46,1,-1,-1,-1
9,29,244.55,352.41,69.92,223.39,1,-1,-1,-1
9,30,1115.65,972.89,89.12,106.83,1,-1,-1,-1
9,31,1407.09,187.96,51.16,173.13,1,-1,-1,-1
9,32,334.56,81.32,39.51,179.68,1,-1,-1,-1
9,33,1003.80,-0.06,38.43,76.85,1,-1,-1,-1
9,35,487.71,36.01,55.52,168.05,1,-1,-1,-1
9,36,0.61,877.69,47.10,201.31,1,-1,-1,-1
9,37,253.78,79.53,52.13,197.36,1,-1,-1,-1
10,1,99.53,546.48,82.74,249.90,1,-1,-1,-1
10,2,377.16,399.08,84.68,242.12,1,-1,-1,-1
10,3,677.03,291.15,58.58,124.36,1,-1,-1,-1
10,4,1724.58,456.34,74.18,212.96,1,-1,-1,-1
10,5,704.99,3.49,56.50,154.21,1,-1,-1,-1
10,6,687.57,204.62,79.86,116.29,1,-1,-1,-1
10,7,414.09,85.05,54.42,166.35,1,-1,-1,-1
10,8,217.44,120.36,49.52,167.56,1,-1,-1,-1
10,9,286.89,123.91,52.24,168.80,1,-1,-1,-1
10,10,1042.04,132.12,65.18,179.97,1,-1,-1,-1
10,11,1061.47,207.38,66.35,185.05,1,-1,-1,-1
10,12,792.26,148.14,60.67,173.60,1,-1,-1,-1
10,13,536.24,145.59,62.43,187.95,1,-1,-1,-1
10,14,1360.55,560.97,103.09,252.82,1,-1,-1,-1
10,15,1622.61,259.17,63.60,180.30,1,-1,-1,-1
10,16,1436.80,246.68,57.17,161.39,1,-1,-1,-1
10,17,359.93,103.02,49.01,168.72,1,-1,-1,-1
10,18,1486.90,71.15,53.69,143.30,1,-1,-1,-1
10,19,1802.64,210.56,70.90,186.77,1,-1,-1,-1
10,20,215.03,385.25,64.38,206.13,1,-1,-1,-1
10,21,912.93,136.68,51.91,164.45,1,-1,-1,-1
10,22,468.23,60.71,53.65,172.64,1,-1,-1,-1
10,23,635.04,748.33,104.74,269.55,1,-1,-1,-1
10,24,879.42,130.48,60.09,173.45,1,-1,-1,-1
10,25,1037.36,0.00,47.61,74.76,1,-1,-1,-1
10,26,1207.63,32.11,64.08,115.12,1,-1,-1,-1
10,27,533.72,61.67,54.23,175.42,1,-1,-1,-1
10,28,501.58,130.99,58.45,180.94,1,-1,-1,-1
10,29,244.13,351.39,69.25,221.26,1,-1,-1,-1
10,30,1118.12,971.73,90.01,108.03,1,-1,-1,-1
10,31,1406.20,187.25,51.13,172.94,1,-1,-1,-1
10,32,334.68,81.75,39.30,178.81,1,-1,-1,-1
10,33,1004.18,-0.21,38.35,76.76,1,-1,-1,-1
10,35,485.71,37.18,56.66,171.52,1,-1,-1,-1
10,36,0.90,873.64,48.08,205.36,1,-1,-1,-1
10,37,253.10,80.59,52.03,197.24,1,-1,-1,-1
11,1,99.46,546.59,82.81,250.11,1,-1,-1,-1
11,2,378.28,397.31,83.95,240.03,1,-1,-1,-1
11,3,677.61,290.36,58.91,125.10,1,-1,-1,-1
11,4,1723.84,456.92,73.77,211.69,1,-1,-1,-1
11,5,705.15,3.33,56.30,153.67,1,-1,-1,-1
11,6,687.93,204.93,79.17,115.32,1,-1,-1,-1
11,7,414.33,84.50,54.18,165.64,1,-1,-1,-1
11,8,217.08,121.33,49.23,166.59,1,-1,-1,-1
11,9,286.37,122.75,52.51,169.68,1,-1,-1,-1
11,10,1040.68,131.73,65.02,179.36,1,-1,-1,-1
11,11,1058.26,207.05,66.83,185.62,1,-1,-1,-1
11,12,792.16,148.34,60.59,173.30,1,-1,-1,-1
11,13,535.38,146.57,62.86,189.23,1,-1,-1,-1
11,14,1360.38,561.03,102.96,252.51,1,-1,-1,-1
11,15,1621.32,258.42,63.63,180.36,1,-1,-1,-1
11,16,1435.54,246.90,56.49,159.45,1,-1,-1,-1
11,17,359.81,103.67,48.79,168.02,1,-1,-1,-1
11,18,1486.95,71.14,53.59,143.06,1,-1,-1,-1
11,19,1803.26,211.70,71.14,187.33,1,-1,-1,-1
11,20,213.99,383.36,64.59,206.76,1,-1,-1,-1
11,21,913.69,139.67,51.62,163.50,1,-1,-1,-1
11,22,467.10,64.92,52.87,170.09,1,-1,-1,-1
11,23,635.01,748.77,104.43,268.70,1,-1,-1,-1
11,24,879.84,130.70,60.06,173.36,1,-1,-1,-1
11,25,1037.93,0.00,47.38,74.41,1,-1,-1,-1
11,26,1208.11,33.36,63.39,113.81,1,-1,-1,-1
11,27,533.74,61.71,53.95,174.54,1,-1,-1,-1
11,28,500.87,132.64,58.74,181.84,1,-1,-1,-1
11,29,241.13,351.09,68.85,219.90,1,-1,-1,-1
11,30,1120.78,971.25,90.37,108.54,1,-1,-1,-1
11,31,1404.57,186.70,51.29,173.48,1,-1,-1,-1
11,32,335.43,82.07,39.30,178.85,1,-1,-1,-1
11,33,1004.33,-0.32,38.21,76.45,1,-1,-1,-1
11,35,484.11,38.16,57.54,174.17,1,-1,-1,-1
11,36,0.29,868.34,49.28,210.66,1,-1,-1,-1
11,37,252.94,80.23,51.77,196.37,1,-1,-1,-1
12,1,99.43,546.89,82.81,250.06,1,-1,-1,-1
12,2,379.22,395.72,83.48,238.66,1,-1,-1,-1
12,3,677.50,290.58,58.88,125.06,1,-1,-1,-1
12,4,1723.31,457.60,73.39,210.48,1,-1,-1,-1
12,5,705.12,3.20,56.23,153.46,1,-1,-1,-1
12,6,687.69,204.55,79.46,115.83,1,-1,-1,-1
12,7,414.33,84.28,54.12,165.51,1,-1,-1,-1
12,8,216.50,122.10,48.86,165.37,1,-1,-1,-1
12,9,285.63,121.83,52.73,170.38,1,-1,-1,-1
12,10,1039.34,132.34,64.40,177.49,1,-1,-1,-1
12,11,1054.70,207.00,67.12,185.86,1,-1,-1,-1
12,12,792.05,148.27,60.59,173.28,1,-1,-1,-1
12,13,534.82,147.58,63.00,189.64,1,-1,-1,-1
12,14,1360.49,560.87,103.02,252.69,1,-1,-1,-1
12,15,1620.18,257.83,63.50,179.96,1,-1,-1,-1
12,16,1433.92,245.97,56.35,159.06,1,-1,-1,-1
12,17,359.66,104.18,48.74,167.91,1,-1,-1,-1
12,18,1487.02,71.13,53.68,143.30,1,-1,-1,-1
12,19,1803.98,212.81,71.50,188.18,1,-1,-1,-1
12,20,212.92,381.87,64.61,206.79,1,-1,-1,-1
12,21,914.10,142.23,51.26,162.31,1,-1,-1,-1
12,22,466.15,67.38,52.26,168.16,1,-1,-1,-1
12,23,634.46,748.46,105.05,270.28,1,-1,-1,-1
12,24,880.03,131.07,60.03,173.28,1,-1,-1,-1
12,25,1037.74,0.00,47.26,74.15,1,-1,-1,-1
12,26,1208.55,33.65,63.23,113.46,1,-1,-1,-1
12,27,533.68,61.74,53.86,174.34,1,-1,-1,-1
12,28,499.88,134.59,58.91,182.35,1,-1,-1,-1
12,29,239.76,349.98,68.93,220.34,1,-1,-1,-1
12,30,1123.59,970.66,90.77,109.14,1,-1,-1,-1
12,31,1403.15,186.96,51.23,173.32,1,-1,-1,-1
12,32,335.41,82.55,39.17,178.24,1,-1,-1,-1
12,33,1004.05,-0.41,37.98,75.98,1,-1,-1,-1
12,35,482.67,38.55,58.60,177.38,1,-1,-1,-1
12,36,-0.07,865.55,49.90,213.45,1,-1,-1,-1
12,37,252.28,80.60,51.73,196.38,1,-1,-1,-1
13,1,99.51,546.93,82.81,250.02,1,-1,-1,-1
13,2,379.68,394.25,83.46,238.60,1,-1,-1,-1
13,3,677.41,290.56,58.85,125.03,1,-1,-1,-1
13,4,1723.06,458.34,73.02,209.32,1,-1,-1,-1
13,5,705.29,3.30,56.01,152.88,1,-1,-1,-1
13,6,687.48,204.03,79.69,116.26,1,-1,-1,-1
13,7,414.21,83.50,54.32,166.17,1,-1,-1,-1
13,8,216.16,122.92,48.57,164.41,1,-1,-1,-1
13,9,285.00,121.28,52.96,171.13,1,-1,-1,-1
13,10,1038.07,133.93,63.66,175.35,1,-1,-1,-1
13,11,1051.05,206.18,67.17,185.63,1,-1,-1,-1
13,12,792.36,148.43,60.48,172.87,1,-1,-1,-1
13,13,534.13,147.82,63.39,190.73,1,-1,-1,-1
13,14,1360.39,560.93,102.83,252.25,1,-1,-1,-1
13,15,1618.91,256.34,63.30,179.43,1,-1,-1,-1
13,16,1432.33,244.97,55.96,157.95,1,-1,-1,-1
13,17,359.43,104.58,48.69,167.83,1,-1,-1,-1
13,18,1486.84,71.33,53.53,142.90,1,-1,-1,-1
13,19,1805.07,214.81,71.10,186.98,1,-1,-1,-1
13,20,212.34,379.70,64.92,207.61,1,-1,-1,-1
13,21,914.09,143.67,51.19,161.97,1,-1,-1,-1
13,22,467.72,63.40,53.33,171.48,1,-1,-1,-1
13,23,634.38,748.21,105.01,270.09,1,-1,-1,-1
13,24,880.43,131.57,59.93,173.02,1,-1,-1,-1
13,25,1038.90,0.00,46.10,72.37,1,-1,-1,-1
13,26,1209.14,34.29,62.80,112.58,1,-1,-1,-1
13,27,533.44,61.95,53.98,174.79,1,-1,-1,-1
13,28,498.83,135.96,59.16,183.14,1,-1,-1,-1
13,29,237.98,348.89,68.93,220.31,1,-1,-1,-1
13,30,1126.19,970.38,90.92,109.43,1,-1,-1,-1
13,31,1401.70,186.54,51.45,174.13,1,-1,-1,-1
13,32,335.43,82.54,39.19,178.35,1,-1,-1,-1
13,33,1004.29,-0.46,37.18,74.40,1,-1,-1,-1
13,35,482.27,38.64,58.93,178.40,1,-1,-1,-1
13,36,-0.11,862.21,50.68,216.79,1,-1,-1,-1
13,37,251.19,80.88,51.99,197.37,1,-1,-1,-1
14,1,99.58,546.97,82.82,249.99,1,-1,-1,-1
14,2,380.38,392.86,82.95,237.16,1,-1,-1,-1
14,3,677.50,290.91,58.73,124.81,1,-1,-1,-1
14,4,1722.65,458.76,72.74,208.39,1,-1,-1,-1
14,5,705.36,3.20,55.97,152.78,1,-1,-1,-1
14,6,687.54,203.78,79.88,116.63,1,-1,-1,-1
14,7,414.19,82.52,54.53,166.90,1,-1,-1,-1
14,8,216.19,123.58,48.40,163.81,1,-1,-1,-1
14,9,285.37,121.40,52.86,170.82,1,-1,-1,-1
14,10,1037.18,135.24,62.83,172.98,1,-1,-1,-1
14,11,1046.95,204.61,67.37,186.00,1,-1,-1,-1
14,12,792.50,148.74,60.38,172.53,1,-1,-1,-1
14,13,533.71,148.95,63.25,190.14,1,-1,-1,-1
14,14,1360.27,561.17,102.75,252.08,1,-1,-1,-1
14,15,1617.67,254.75,63.17,179.00,1,-1,-1,-1
14,16,1430.77,243.48,56.08,158.32,1,-1,-1,-1
14,17,359.37,104.74,48.62,167.57,1,-1,-1,-1
14,18,1486.67,71.49,53.47,142.76,1,-1,-1,-1
14,19,1805.81,217.17,70.83,186.21,1,-1,-1,-1
14,20,212.03,377.39,65.25,208.45,1,-1,-1,-1
14,21,913.55,144.44,51.10,161.52,1,-1,-1,-1
14,22,468.93,59.92,54.24,174.29,1,-1,-1,-1
14,23,634.79,748.58,104.62,268.99,1,-1,-1,-1
14,24,880.91,131.98,59.93,173.00,1,-1,-1,-1
14,25,1039.38,-0.00,45.34,71.21,1,-1,-1,-1
14,26,1209.43,34.61,62.56,112.06,1,-1,-1,-1
14,27,533.48,62.14,53.83,174.36,1,-1,-1,-1
14,28,498.11,137.10,59.27,183.43,1,-1,-1,-1
14,29,236.22,347.29,69.37,221.85,1,-1,-1,-1
14,30,1128.29,970.15,91.04,109.67,1,-1,-1,-1
14,31,1399.41,186.57,51.63,174.83,1,-1,-1,-1
14,32,334.87,82.31,38.87,176.70,1,-1,-1,-1
14,33,1005.58,-0.51,36.77,73.62,1,-1,-1,-1
14,35,483.91,38.80,57.23,173.10,1,-1,-1,-1
14,36,-0.16,858.47,51.51,220.37,1,-1,-1,-1
14,37,250.43,81.48,52.15,198.00,1,-1,-1,-1
15,1,99.42,547.00,82.89,250.13,1,-1,-1,-1
15,2,381.02,391.73,82.59,236.17,1,-1,-1,-1
15,3,677.53,291.04,58.70,124.80,1,-1,-1,-1
15,4,1722.52,459.28,72.51,207.62,1,-1,-1,-1
15,5,705.28,3.28,56.00,152.86,1,-1,-1,-1
15,6,687.46,203.39,80.04,116.95,1,-1,-1,-1
15,7,414.26,81.69,54.71,167.52,1,-1,-1,-1
15,8,215.99,124.51,48.12,162.78,1,-1,-1,-1
15,9,285.58,121.31,52.94,171.09,1,-1,-1,-1
15,10,1036.60,136.27,62.35,171.65,1,-1,-1,-1
15,11,1043.01,203.63,67.24,185.77,1,-1,-1,-1
15,12,792.70,149.19,60.17,171.89,1,-1,-1,-1
15,13,533.65,149.89,63.03,189.27,1,-1,-1,-1
15,14,1360.06,561.02,102.90,252.44,1,-1,-1,-1
15,15,1616.45,253.41,62.73,177.70,1,-1,-1,-1
15,16,1429.29,241.92,56.41,159.25,1,-1,-1,-1
15,17,359.13,104.69,48.76,168.03,1,-1,-1,-1
15,18,1486.80,71.45,53.49,142.82,1,-1,-1,-1
15,19,1806.50,219.48,70.61,185.57,1,-1,-1,-1
15,20,211.56,375.97,65.11,207.87,1,-1,-1,-1
15,21,913.65,146.12,50.93,160.79,1,-1,-1,-1
15,22,468.47,60.78,54.37,174.62,1,-1,-1,-1
15,23,634.74,748.71,104.51,268.61,1,-1,-1,-1
15,24,880.89,132.49,60.20,173.80,1,-1,-1,-1
15,25,1040.57,-0.00,44.32,69.64,1,-1,-1,-1
15,26,1209.42,34.26,63.12,113.01,1,-1,-1,-1
15,27,533.39,61.96,54.12,175.39,1,-1,-1,-1
15,28,497.50,137.88,59.41,183.85,1,-1,-1,-1
15,29,234.63,345.77,69.68,223.02,1,-1,-1,-1
15,30,1130.34,969.31,91.66,110.52,1,-1,-1,-1
15,31,1397.44,186.44,51.80,175.43,1,-1,-1,-1
15,32,335.41,82.66,38.97,177.10,1,-1,-1,-1
15,33,1006.94,-0.32,35.80,71.63,1,-1,-1,-1
15,35,483.16,37.72,57.90,175.25,1,-1,-1,-1
15,36,-0.12,854.96,52.23,223.44,1,-1,-1,-1
15,37,249.88,82.78,51.82,196.83,1,-1,-1,-1
16,1,99.61,547.03,82.83,249.93,1,-1,-1,-1
16,2,381.58,390.61,82.38,235.67,1,-1,-1,-1
16,3,677.49,291.14,58.61,124.63,1,-1,-1,-1
16,4,1722.52,459.55,72.33,206.99,1,-1,-1,-1
16,5,705.34,3.35,55.96,152.77,1,-1,-1,-1
16,6,687.93,203.71,79.77,116.58,1,-1,-1,-1
16,7,414.31,81.00,54.87,168.06,1,-1,-1,-1
16,8,215.76,125.28,47.83,161.75,1,-1,-1,-1
16,9,285.78,121.60,52.80,170.64,1,-1,-1,-1
16,10,1035.83,137.30,61.98,170.71,1,-1,-1,-1
16,11,1039.03,202.96,67.19,185.91,1,-1,-1,-1
16,12,792.89,149.22,60.12,171.69,1,-1,-1,-1
16,13,533.17,150.82,63.11,189.39,1,-1,-1,-1
16,14,1360.11,561.22,102.77,252.12,1,-1,-1,-1
16,15,1615.25,251.98,62.61,177.31,1,-1,-1,-1
16,16,1427.25,240.27,56.72,160.09,1,-1,-1,-1
16,17,359.06,104.65,48.79,168.12,1,-1,-1,-1
16,18,1487.10,71.58,53.33,142.38,1,-1,-1,-1
16,19,1807.38,221.74,70.50,185.20,1,-1,-1,-1
16,20,210.19,375.33,64.73,206.63,1,-1,-1,-1
16,21,913.45,146.47,51.21,161.56,1,-1,-1,-1
16,22,467.06,63.47,53.36,171.46,1,-1,-1,-1
16,23,634.84,748.65,104.67,268.93,1,-1,-1,-1
16,24,880.95,133.23,60.43,174.50,1,-1,-1,-1
16,25,1041.65,-0.00,43.45,68.18,1,-1,-1,-1
16,26,1209.73,34.88,62.82,112.38,1,-1,-1,-1
16,27,533.56,61.96,53.92,174.75,1,-1,-1,-1
16,28,496.58,138.25,59.86,185.38,1,-1,-1,-1
16,29,232.53,344.81,69.98,224.03,1,-1,-1,-1
16,30,1132.34,968.74,92.02,111.10,1,-1,-1,-1
16,31,1395.33,186.02,51.99,176.11,1,-1,-1,-1
16,32,334.94,82.80,38.92,176.83,1,-1,-1,-1
16,33,1007.16,-0.36,34.67,69.33,1,-1,-1,-1
16,35,481.77,38.60,58.26,176.27,1,-1,-1,-1
16,36,0.01,851.14,53.09,227.03,1,-1,-1,-1
16,37,249.31,83.81,51.78,196.75,1,-1,-1,-1
17,1,99.63,547.05,82.89,250.06,1,-1,-1,-1
17,2,382.20,389.52,82.09,234.92,1,-1,-1,-1
17,3,677.43,291.08,58.61,124.63,1,-1,-1,-1
17,4,1722.26,459.77,72.20,206.47,1,-1,-1,-1
17,5,705.34,4.51,55.85,152.54,1,-1,-1,-1
17,6,688.35,203.83,79.65,116.42,1,-1,-1,-1
17,7,414.58,80.26,54.92,168.09,1,-1,-1,-1
17,8,215.50,125.92,47.72,161.36,1,-1,-1,-1
17,9,285.31,121.07,52.90,171.04,1,-1,-1,-1
17,10,1035.36,138.49,61.74,170.09,1,-1,-1,-1
17,11,1035.42,202.08,66.94,185.53,1,-1,-1,-1
17,12,793.05,149.26,60.07,171.52,1,-1,-1,-1
17,13,532.50,151.46,63.22,189.49,1,-1,-1,-1
17,14,1360.02,561.24,102.73,252.00,1,-1,-1,-1
17,15,1613.80,250.76,62.55,177.14,1,-1,-1,-1
17,16,1425.34,239.00,57.06,161.09,1,-1,-1,-1
17,17,358.88,104.47,48.91,168.49,1,-1,-1,-1
17,18,1487.16,71.69,53.19,142.00,1,-1,-1,-1
17,19,1808.56,223.64,70.58,185.35,1,-1,-1,-1
17,20,209.11,374.74,64.68,206.43,1,-1,-1,-1
17,21,912.93,147.26,51.14,161.09,1,-1,-1,-1
17,22,466.95,62.34,53.95,173.35,1,-1,-1,-1
17,23,634.69,748.75,104.59,268.61,1,-1,-1,-1
17,24,881.23,133.57,60.64,175.10,1,-1,-1,-1
17,25,1042.79,-0.00,42.44,66.59,1,-1,-1,-1
17,26,1209.90,35.23,62.75,112.16,1,-1,-1,-1
17,27,533.57,62.12,53.83,174.53,1,-1,-1,-1
17,28,495.62,138.54,60.04,185.87,1,-1,-1,-1
17,29,230.41,344.46,70.10,224.46,1,-1,-1,-1
17,30,1134.82,967.97,92.53,111.88,1,-1,-1,-1
17,31,1393.34,185.22,52.32,177.23,1,-1,-1,-1
17,32,335.23,83.23,38.77,176.14,1,-1,-1,-1
17,33,1007.90,-0.39,33.95,67.71,1,-1,-1,-1
17,35,481.09,38.88,58.52,176.98,1,-1,-1,-1
17,36,-0.02,847.54,53.82,230.18,1,-1,-1,-1
17,37,248.73,84.38,51.79,196.66,1,-1,-1,-1
18,1,99.71,547.21,82.81,249.74,1,-1,-1,-1
18,2,382.76,388.45,81.89,234.42,1,-1,-1,-1
18,3,677.44,291.18,58.46,124.34,1,-1,-1,-1
18,4,1722.21,459.81,72.09,206.04,1,-1,-1,-1
18,5,705.35,5.51,55.74,152.33,1,-1,-1,-1
18,6,688.42,203.51,79.90,116.84,1,-1,-1,-1
18,7,414.59,79.63,55.05,168.40,1,-1,-1,-1
18,8,215.46,126.48,47.49,160.58,1,-1,-1,-1
18,9,285.63,121.21,52.77,170.63,1,-1,-1,-1
18,10,1034.40,139.32,62.00,170.89,1,-1,-1,-1
18,11,1031.61,200.79,67.15,186.36,1,-1,-1,-1
18,12,793.07,149.28,60.09,171.52,1,-1,-1,-1
18,13,531.41,152.16,63.37,189.72,1,-1,-1,-1
18,14,1360.04,561.25,102.69,251.90,1,-1,-1,-1
18,15,1612.55,249.72,62.59,177.14,1,-1,-1,-1
18,16,1423.48,237.85,56.95,160.77,1,-1,-1,-1
18,17,358.75,104.45,48.96,168.67,1,-1,-1,-1
18,18,1487.06,71.64,53.18,141.97,1,-1,-1,-1
18,19,1809.48,225.28,70.76,185.76,1,-1,-1,-1
18,20,207.60,374.10,64.70,206.40,1,-1,-1,-1
18,21,912.80,148.10,51.19,161.12,1,-1,-1,-1
18,22,466.31,62.87,53.95,173.40,1,-1,-1,-1
18,23,634.44,748.85,104.46,268.20,1,-1,-1,-1
18,24,881.21,134.27,60.85,175.76,1,-1,-1,-1
18,25,1042.80,-0.00,41.51,65.09,1,-1,-1,-1
18,26,1210.05,35.53,62.65,111.83,1,-1,-1,-1
18,27,533.51,62.24,53.89,174.79,1,-1,-1,-1
18,28,494.82,138.36,60.17,186.15,1,-1,-1,-1
18,29,228.69,343.88,70.23,224.84,1,-1,-1,-1
18,30,1137.08,967.43,92.82,112.42,1,-1,-1,-1
18,31,1391.33,184.97,52.33,177.30,1,-1,-1,-1
18,32,335.34,83.45,38.74,175.98,1,-1,-1,-1
18,33,1008.37,-0.42,33.26,66.18,1,-1,-1,-1
18,35,480.81,39.28,58.53,176.96,1,-1,-1,-1
18,36,0.16,844.13,54.60,233.42,1,-1,-1,-1
18,37,248.14,85.02,51.87,197.03,1,-1,-1,-1
